,anger,digust,fear,joy,sad,surprise
0,0.18650889620067396,0.0,0.28121435816158286,0.23516491499413503,0.217114094057797,0.07999773658581101
1,0.236341421720645,0.0,0.32927294255454703,0.23429093501198206,0.11365489769641988,0.0864398030164061
2,0.16931136112538203,0.0,0.21674669751659728,0.22651320281982254,0.29187684639530004,0.09555189214289808
3,0.02034363918584364,0.0,0.19676592725101782,0.5871796990241743,0.03843823283355381,0.15727250170541032
4,0.07705192629815746,0.052376309407735196,0.1924798119952999,0.40176004400110005,0.09712742818570463,0.1792044801120028
5,0.05527116781125762,0.09388853829734424,0.32628568761358573,0.05737349920223747,0.24361623592630754,0.22356487114926746
6,2.5171730174940293e-22,0.0,0.09259999999999999,0.4444,5.394845688247254e-22,0.463
7,0.18665976009008825,0.0,0.2608751479863207,0.2568881547598175,0.1389406238058728,0.1566363133579007
8,0.0,0.09860739771059919,0.0,0.2877590786515725,0.0,0.6136335236378283
9,0.06990174754368858,0.017400435010875268,0.3253081327033176,0.35418385459636487,0.07890197254931372,0.1543038575964399
10,0.0925561483597341,0.0,0.27739067101601683,0.3805509032227615,0.15893588122634705,0.09056639617514055
11,0.10908523989957324,0.0,0.3635439056720296,0.2827778963099458,0.14869544609026009,0.0958975120281914
12,0.0972422272884807,0.02147376732357566,0.3564975308682626,0.23987955739752315,0.1729736905312821,0.11193322659087578
13,0.12165000000000001,0.0,0.243525,0.218425,0.35742499999999994,0.058975
14,0.07893289111456057,0.10152763264334774,0.4777459527286621,0.05737375049306206,0.12905643783102982,0.15536333518933768
15,0.22429802071861077,0.01848116369760444,0.3648085739843108,0.22717379267533155,0.11012009672527079,0.055118352198871484
16,0.08194124522892812,0.058340297220976396,0.25678039141764863,0.471017928287125,0.0988435743303325,0.033076563514989346
17,0.17550032116610093,0.022386107322396424,0.20110611630427025,0.2618854403370337,0.08349187844943406,0.2556301364207645
18,0.032414535666131145,0.0,0.2798837717706301,0.439735380261728,0.17318205241572088,0.07478425988578988
19,0.02947248561729467,0.0,0.20806549291215234,0.40691897335464794,0.2240348430312167,0.1315082050846882
20,0.24507317417309007,0.041103793099029146,0.2510069288607396,0.23517644292497594,0.16450109742213007,0.06313856352003523
21,0.030175754393859847,0.0,0.21303032575814396,0.45098627465686636,0.22938073451836294,0.07642691067276682
22,0.029310814677882102,0.0,0.2470252371498473,0.22452291586364098,0.35546257198444414,0.14367846032418546
23,0.11761176117611762,0.0,0.05880588058805881,2.770114927930023e-21,0.11761176117611762,0.705970597059706
24,0.07705192629815746,0.052376309407735196,0.1924798119952999,0.4017600440011,0.09712742818570465,0.17920448011200282
25,0.23410620961169043,0.0,0.3355579249361974,0.2309496578407396,0.11417914260290793,0.08520706500846463
26,0.14507862696567417,0.0873271831795795,0.30778269456736423,0.2041801045026126,0.16632915822895575,0.0893022325558139
27,0.08287707192679818,0.01740043501087527,0.3520088002200055,0.22690567264181605,0.13410335258381462,0.1867046676166904
28,0.236341421720645,0.0,0.32927294255454703,0.23429093501198206,0.11365489769641988,0.0864398030164061
29,0.019699396125717396,0.0,0.1905347371506259,0.6543943883220559,0.03722096956416955,0.09815050883743114
30,0.021072916982364385,0.0,0.22227539524480677,0.5435763746567864,0.06881115308223201,0.14426416003381032
31,0.19624341924701302,0.0,0.31941019032283074,0.23301151842189327,0.1948001336147072,0.05653473839355576
32,0.031338112481405646,0.0,0.22123616939027135,0.45527048680243415,0.2382163894091937,0.05393884191669499
33,0.23548174585572768,0.0,0.3316901841412805,0.23300585994881062,0.11385652540396858,0.08596568465021256
34,0.1622065618990625,0.0,0.1888729533391256,0.4138824840495459,0.07766500683830357,0.15737299387396245
35,0.02080696598042765,0.0,0.20124727523029207,0.6391378773984214,0.03931366436502913,0.09949421702582964
36,0.07275804061385122,0.02176159419831482,0.3110641024588101,0.20802028777989676,0.11299470860018965,0.2734012663489376
37,0.07255053597460737,0.017657816798436494,0.36268551640076335,0.38647377051726967,0.0652760588087084,0.09535630150021464
38,0.2435579576467842,0.03426875929691037,0.2483766215402306,0.28465802520605166,0.11215381566636086,0.07698482064366234
39,0.08088344217999824,0.09185951038537564,0.15401776248305732,0.24862134700345226,0.2903781398725079,0.13423979807560857
40,0.07705192629815746,0.05237630940773519,0.1924798119952999,0.4017600440011,0.09712742818570465,0.1792044801120028
41,0.05575060778411691,0.012914285655785895,0.539684883787152,0.23983572511334317,0.10620593563462623,0.04560856202497578
42,0.020167290642419247,0.0,0.19506026464319823,0.5816901101102538,0.03810503156557606,0.1649773030385527
43,0.15599180773100532,0.17542118498342674,0.2545659163202766,0.18712426853463196,0.1634221163341934,0.06347470609646601
44,0.23410620961169043,0.0,0.3355579249361974,0.2309496578407396,0.11417914260290793,0.08520706500846463
45,0.020792371551915722,0.0,0.20110611630427028,0.6321304760740062,0.04864441765604469,0.09732661841376315
46,0.04348893441876625,0.0,0.3169251613743828,0.4444188786381122,0.15121351009903541,0.04395351546970341
47,0.06990174754368861,0.06740168504212606,0.29030725768144205,0.2641816045401135,0.07890197254931373,0.22930573264331613
48,0.055050944457117675,0.0,0.39609159535381266,0.23300585994881065,0.2832866332583565,0.03256496698190256
49,0.2435499786931671,0.040725410775770195,0.25578432494864,0.2330115184218933,0.16437142776972205,0.0625573393908074
50,0.1223157966542869,0.06874186709590073,0.31355570638741065,0.14511369718932127,0.2583296090321513,0.09194332364092926
51,0.11840199065835051,0.007448520212759254,0.34453950901279357,0.14308925528865518,0.21193268244859245,0.17458804237884898
52,0.0,0.18821882188218822,0.0,0.15291529152915292,0.0,0.658865886588659
53,0.019900497512437814,0.0,0.1924798119952999,0.542913572839321,0.03760094002350059,0.20710517762944075
54,0.17812055756716072,0.0,0.22832562483723828,0.24101372748723415,0.28750420766619494,0.0650358824421717
55,0.019900995049752488,0.004375218760938047,0.19248462423121157,0.5138006900345017,0.0376018800940047,0.23183659182959146
56,0.030175754393859854,0.0,0.37970949273731847,0.21843046076151906,0.229380734518363,0.14230355758893976
57,0.03017575439385985,0.0,0.21303032575814398,0.4509862746568664,0.22938073451836297,0.07642691067276682
58,0.07705192629815746,0.05237630940773519,0.1924798119952999,0.4017600440011,0.09712742818570465,0.1792044801120028
59,0.030175754393859847,0.0,0.21303032575814396,0.4509862746568664,0.22938073451836297,0.07642691067276682
60,0.11137499999999999,0.0,0.23535,0.27077499999999993,0.16564999999999996,0.21685
61,0.1746859125069655,0.0,0.2059375061037371,0.47847116952160373,0.08406025327385372,0.056845158593839935
62,0.23548174585572768,0.0,0.3316901841412805,0.23300585994881062,0.11385652540396858,0.08596568465021256
63,0.056480267378568864,0.0314985935416431,0.3809393485107755,0.2709032552608315,0.09964810938276673,0.16053042592541425
64,0.01990049751243781,0.0,0.1924798119952999,0.5249881247031176,0.03760094002350059,0.22503062576564414
65,0.048196224687953385,0.0,0.24197856174719498,0.2694061974494623,0.2847357979820737,0.15568321813331554
66,0.0,0.0,0.002547925701561659,0.7218732709600674,0.0,0.27557880333837087
67,0.021329327235118146,0.0,0.20629961103413894,0.6229809668140999,0.04030063839399207,0.10908945652265101
68,0.07179674081987172,0.01787215007533287,0.2981773084407548,0.3759306515153752,0.08104095637607837,0.15518219277258716
69,0.23548174585572768,0.0,0.3316901841412805,0.23300585994881062,0.11385652540396858,0.08596568465021256
70,0.02129188918802114,0.0,0.20593750610373715,0.6267618259392971,0.04950875009074226,0.09650002867820252
71,0.021072916982364385,0.0,0.20381958272264245,0.6291152666917845,0.04912985500082703,0.09686237860238166
72,0.07509443642372839,0.017058725484660302,0.3327349609351024,0.26362730610564244,0.1933062593145314,0.11817831173633517
73,0.08192921683095525,0.04664807898486584,0.28874083213239565,0.44080595183872767,0.06903555573926794,0.07284036447378757
74,0.10230029674813372,0.0070137582870426944,0.3980485668535068,0.29925368691382165,0.10756605807711984,0.08581763312037523
75,0.05899517937358268,0.022502442537043723,0.3005509105757306,0.21414092609120267,0.34599224628118513,0.05781829514125525
76,0.23410620961169043,0.0,0.3355579249361974,0.2309496578407396,0.11417914260290793,0.08520706500846463
77,0.02018534549200529,0.0,0.19523489314440795,0.6890975161733222,0.038139145251226074,0.057343099939038654
78,0.030175754393859847,0.0,0.21303032575814398,0.45098627465686647,0.22938073451836294,0.07642691067276683
79,0.02056460328412951,0.0,0.1989031164378305,0.44287011605362897,0.26038878243672225,0.07727338178768887
80,0.03086937516344149,0.02471841590629731,0.0951827192368539,0.3882632730890932,0.2664389349664902,0.19452728163782385
81,0.036026606616479454,0.003952994920155289,0.33953616989862384,0.22794715423512552,0.2716199887348175,0.12091708559479845
82,0.02027653474444393,0.0,0.23177913271318504,0.5458405645395844,0.03831144253221566,0.16379232547057113
83,0.23548174585572768,0.0,0.3316901841412805,0.23300585994881062,0.11385652540396858,0.08596568465021256
84,0.03660000000000001,0.0854,0.3902,3.626569118523535e-21,0.1707,0.3171
85,4.267389424460814e-22,0.0,0.6667,3.0889959736134327e-21,3.2438523586932867e-21,0.3333
86,0.1392628450554949,0.0467933488775082,0.4332933529631431,0.043289410845772855,0.2838155927603057,0.053545449497775205
87,0.012641450287738061,0.0,0.06011387150315517,0.5668032279213687,0.05378096769812261,0.3066604825896154
88,0.01990049751243781,0.0,0.19767994199855,0.4926873171829295,0.04802620065501638,0.24170604265106624
89,0.23410620961169043,0.0,0.3355579249361974,0.2309496578407396,0.11417914260290793,0.08520706500846463
90,0.019900497512437814,0.0,0.1924798119952999,0.42393559838995976,0.03760094002350059,0.326083152078802
91,0.21888542233461117,0.0493213631146824,0.35802284178534893,0.027214415196200333,0.2516745860599318,0.09488137150922533
92,0.2526099671479572,0.0,0.20381458728597282,0.3189370545928796,0.16758118179066336,0.057057209182526984
93,0.07974322022059288,0.07435253968192918,0.4661055717953774,0.04001572558809205,0.15937510502096855,0.18040783769303986
94,0.09230169430994893,0.06622738207895788,0.45330359180349017,0.022592329981088493,0.2752693974199463,0.09030560440656826
95,0.021611750173687532,0.0,0.33183588869153513,0.44461743510190455,0.10890257069531228,0.09303235533756055
96,0.03017575439385985,0.0,0.21303032575814398,0.4509862746568664,0.22938073451836297,0.07642691067276682
97,0.23548174585572768,0.0,0.3316901841412805,0.23300585994881062,0.11385652540396858,0.08596568465021256
98,0.020667593387377958,0.0,0.29975799705688255,0.4196270522576804,0.05901688413255037,0.20093047316550872
99,0.07705192629815746,0.052376309407735196,0.1924798119952999,0.4017600440011,0.09712742818570465,0.17920448011200282
100,0.07104896213308208,0.01768600774128223,0.29507172685599037,0.37955274499407454,0.08019689717167633,0.15644366110389463
101,0.013381337372561756,0.0,0.12942577441124742,0.6211703044086945,0.025283330914991055,0.2107392528925052
102,0.05508762733381488,0.09380509464841799,0.3269139752241632,0.056809508800427164,0.24289945801018958,0.2244843359829871
103,0.13960670946443948,0.06617097912151901,0.3758329378067105,0.19405561052209044,0.11380075294802344,0.11053301013721716
104,0.236341421720645,0.0,0.32927294255454703,0.23429093501198206,0.11365489769641988,0.0864398030164061
105,0.10912772819320482,0.032100802520063,0.33933348333708346,0.22868071701792544,0.13935348383709595,0.15140378509462735
106,0.03353454683734726,0.0300567369914638,0.16970040167254583,0.407756787801025,0.1308636365613173,0.22808789013630085
107,0.060971177295834664,0.0,0.260878058868402,0.4059740578956971,0.14705875377733613,0.12511795216273017
108,0.23410620961169043,0.0,0.3355579249361974,0.2309496578407396,0.11417914260290793,0.08520706500846463
109,0.030176508825441276,0.0,0.25393769688484424,0.3866193309665483,0.22938646932346618,0.09987999399969999
110,0.0712226019415392,0.017729231384589157,0.2957928661463352,0.378711667775686,0.08039289403701635,0.15615073871483404
111,0.0712226019415392,0.017729231384589157,0.2957928661463352,0.378711667775686,0.08039289403701635,0.15615073871483404
112,0.030175754393859847,0.0,0.21303032575814396,0.4509862746568664,0.22938073451836297,0.07642691067276682
113,0.07705192629815745,0.05237630940773519,0.1924798119952999,0.40176004400110005,0.09712742818570465,0.1792044801120028
114,0.11630879699911685,0.05960463060056198,0.4629406397073818,0.1015788840705639,0.16035079550613854,0.09921625311623697
115,0.048641722770945146,0.0,0.2422463223163764,0.26896233106887824,0.2841972687884165,0.1559523550553838
116,0.16917534789357516,0.0,0.3011106440056313,0.2927371514197398,0.15615617826880426,0.08082067841224937
117,0.07705192629815745,0.05237630940773519,0.19247981199529984,0.40176004400110005,0.09712742818570463,0.1792044801120028
118,0.029664488516525006,0.0,0.26780171019325405,0.30230072286644666,0.25468472321134294,0.14554835521243134
119,0.03669333209843739,0.004268532654924763,0.321978101410973,0.1906896370510101,0.22320947658673546,0.22316092019791925
120,0.060971177295834664,0.0,0.260878058868402,0.4059740578956971,0.14705875377733613,0.12511795216273017
121,0.17167163067782854,0.0,0.1998940579903415,0.3730259354170707,0.08219691123737047,0.1732114646773889
122,0.11026532093083899,0.08034207083005171,0.28098697974279907,0.30848667516060435,0.1668739441400048,0.05304500919570107
123,0.1752219335629491,0.0016344900738298489,0.3313459713603264,0.22265274986233777,0.2102467518362759,0.05889810330428107
124,0.07179674081987172,0.01787215007533287,0.2981773084407548,0.3759306515153752,0.08104095637607837,0.15518219277258716
125,0.236341421720645,0.0,0.32927294255454703,0.23429093501198206,0.11365489769641988,0.0864398030164061
126,0.020486328540048556,0.0,0.19814603445959023,0.4722215251933202,0.26114227927926414,0.0480038325277769
127,0.13744944704092957,0.04177179538688176,0.23910549447209253,0.21267298753366953,0.23573224003450496,0.13326803553192162
128,0.16864185642372134,0.07466181073522028,0.39975658462154035,0.08712243677039004,0.19061509620331885,0.07920221524580914
129,0.10954570251657922,0.017729231384589157,0.3488556207886983,0.20803826539933856,0.18357047250827793,0.1322607074025168
130,0.06827263445398168,0.016994904713866683,0.283541427496293,0.43098366230363255,0.07706310240942997,0.12314426862279595
131,0.23410620961169043,0.0,0.3355579249361974,0.2309496578407396,0.11417914260290793,0.08520706500846463
132,0.236929943387014,0.0,0.32761813391713385,0.23517067881828238,0.11351686628333124,0.08676437759423863
133,0.030374712825139743,0.022323584124500296,0.4194129808078986,0.2477879079622206,0.1373159802939988,0.1427848339862419
134,0.02022710080755841,0.0,0.1956387551726033,0.5332634645731207,0.03821803971679378,0.21265263972992374
135,0.07705192629815746,0.05237630940773519,0.1924798119952999,0.4017600440011,0.09712742818570465,0.1792044801120028
136,0.0712226019415392,0.017729231384589157,0.2957928661463352,0.378711667775686,0.08039289403701635,0.15615073871483404
137,0.05958255749775299,0.0,0.2663071967493833,0.43352193382230225,0.14370948768090505,0.09687882424965638
138,0.05438492673289922,0.013653546008821536,0.30529430767859356,0.46160305362492704,0.0701527345304002,0.09491143142435851
139,0.0910473645646756,0.0841355914244044,0.24145466315756284,0.3432076694933456,0.06738978811764434,0.17276492324236714
140,0.07663829299851518,0.06925266332275565,0.24016245809737494,0.3524234953339757,0.16583219848139702,0.09569089176598154
141,0.04927022327485424,0.0,0.24252831305305095,0.26838091892750643,0.28345564422455166,0.15636490052003665
142,0.0488447662732506,0.008403961357019851,0.3279631559048614,0.31779205047003006,0.17056182107197365,0.12643424492286437
143,0.020792371551915722,0.0,0.20110611630427028,0.6321304760740062,0.04864441765604469,0.09732661841376315
144,0.06364090313724775,0.0,0.30131218531451787,0.23667473487547136,0.2796278125570235,0.11874436411573937
145,0.07705192629815746,0.05237630940773519,0.1924798119952999,0.4017600440011,0.09712742818570465,0.1792044801120028
146,0.07160370604457642,0.07825386860871245,0.34664616741927085,0.1901164604797619,0.21623445802551108,0.09714533942216724
147,0.05901094840875107,0.0032712423686947598,0.3897201628552329,0.1442181874364371,0.3110389002518456,0.09274055867903859
148,0.17167163067782854,0.0,0.20848802255649332,0.35960273396480336,0.10626520475043018,0.15397240805044476
149,0.02066656000571837,0.0,0.22637811661860952,0.2363476575677662,0.43230409668963854,0.08430356911826734
150,0.07145831050705882,0.01778790561978288,0.29677178169097534,0.3775699416565484,0.08065895134487756,0.15575310918075702
151,0.030175754393859847,0.0,0.21303032575814398,0.45098627465686647,0.22938073451836294,0.07642691067276683
152,0.032735717579486436,0.012942384346030369,0.31703160367010924,0.3398853188954893,0.15239086430877685,0.14501411120010768
153,0.1707074373107894,0.0,0.2012472752302921,0.33677999777511286,0.08214577930262851,0.20911951038117715
154,0.23548174585572768,0.0,0.3316901841412805,0.23300585994881062,0.11385652540396858,0.08596568465021256
155,0.030175754393859847,0.0,0.21303032575814396,0.45098627465686636,0.22938073451836294,0.07642691067276682
156,0.1182301176880414,0.007863861050549148,0.3507445094581137,0.15038579673883157,0.20001346148341034,0.17276225358105393
157,0.02066705678144068,0.0,0.19989405799034143,0.6312128486944372,0.03904931331568691,0.10917672321809369
158,0.17504292264536073,0.0,0.20381958272264245,0.2964449567803153,0.2063596522514035,0.11833288560027798
159,0.236341421720645,0.0,0.32927294255454703,0.23429093501198206,0.11365489769641988,0.0864398030164061
160,0.043488934418766244,0.0,0.31692516137438276,0.4166549080330828,0.1604925855870839,0.06243841058668422
161,0.16275813790689536,0.17170858542927148,0.2587379368968448,0.20418520926046302,0.15678283914195712,0.04582729136456823
162,0.08375209380234505,0.053576339408485205,0.21303032575814396,0.24520613015325382,0.22938073451836294,0.17505437635940896
163,0.23548174585572768,0.0,0.3316901841412805,0.23300585994881062,0.11385652540396858,0.08596568465021256
164,0.236929943387014,0.0,0.32761813391713385,0.23517067881828238,0.11351686628333124,0.08676437759423863
165,0.09571663871826612,0.016994904713866683,0.3041110564234224,0.28172679700664693,0.14564636452797317,0.15580423860982454
166,0.07108559171434053,0.0,0.4055838495625703,0.1136112327405589,0.2372966299782204,0.17242269600430984
167,0.07705192629815746,0.05237630940773519,0.1924798119952999,0.4017600440011,0.09712742818570465,0.1792044801120028
168,0.06090119765768579,0.0,0.2589664328884721,0.4074984581587037,0.14704615118415562,0.1255877601109827
169,0.04927022327485424,0.0,0.24252831305305095,0.26838091892750643,0.28345564422455166,0.15636490052003665
170,0.08667716692917321,0.021800545013625338,0.3776344408610215,0.20418010450261254,0.1821045526138153,0.12760319007975196
171,0.020276534744443925,0.0,0.231779132713185,0.5039901815329103,0.038311442532215655,0.20564270847724508
172,0.02895219588978555,0.00743427466566973,0.26762319691919173,0.40261719432697557,0.08528791142780512,0.2080852267705724
173,0.236929943387014,0.0,0.32761813391713385,0.23517067881828238,0.11351686628333124,0.08676437759423863
174,0.048641722770945146,0.0,0.2422463223163764,0.26896233106887824,0.2841972687884165,0.1559523550553838
175,0.08437364088216759,0.0,0.2623356611024955,0.2623326949992404,0.2062783146198335,0.184679688396263
176,0.23410620961169043,0.0,0.3355579249361974,0.2309496578407396,0.11417914260290793,0.08520706500846463
177,0.060811540307574914,0.0,0.2565172730428753,0.482569607241318,0.14703000484303452,0.05307157456519726
178,0.05779925501701018,0.0,0.24730631950430576,0.3987231437114642,0.13940827107238166,0.15676301069483817
179,0.07705192629815745,0.05237630940773519,0.1924798119952999,0.40176004400110005,0.09712742818570465,0.1792044801120028
180,0.236929943387014,0.0,0.32761813391713385,0.23517067881828238,0.11351686628333124,0.08676437759423863
181,0.03017575439385985,0.0,0.21303032575814398,0.22393059826495665,0.43543588589714743,0.09742743568589217
182,0.23548174585572768,0.0,0.3316901841412805,0.23300585994881062,0.11385652540396858,0.08596568465021256
183,0.23154488137910959,0.0,0.34275988252711403,0.22712089030798685,0.11477987453094074,0.08379447125484871
184,0.030847704142353362,0.0,0.21777405716403728,0.3512854908767663,0.23448855468607463,0.1656041931307684
185,0.07705192629815746,0.052376309407735196,0.1924798119952999,0.4017600440011,0.09712742818570465,0.17920448011200282
186,0.04952484391872163,0.012328072735132423,0.20568043189706567,0.450303935720206,0.05590143326447978,0.22626128246439453
187,0.059584114991036406,0.0,0.27190813682873544,0.43264450313904085,0.1437132442595285,0.09215000078165883
188,0.02066705678144068,0.0,0.19989405799034143,0.5372058442405455,0.03904931331568691,0.20318372767198542
189,0.23154488137910959,0.0,0.34275988252711403,0.22712089030798685,0.11477987453094074,0.08379447125484871
190,0.04372994886634019,0.02997664099837451,0.1919553816459462,0.24794631543815077,0.3200061175542052,0.166385595496983
191,0.05983638918301889,0.0,0.38371685102567515,0.15721042362961898,0.19864852559040877,0.20058781057127814
192,0.06990174754368861,0.01740043501087527,0.29030725768144205,0.4008600215005375,0.07890197254931375,0.14262856571414284
193,0.23735824051264653,0.0,0.3264138455733438,0.23581091309522267,0.11341641380918936,0.08700058700959754
194,0.06085026991859865,0.0,0.25757524551292504,0.4086078417010081,0.14703697963662707,0.12592966323084118
195,0.0712226019415392,0.017729231384589157,0.2957928661463352,0.378711667775686,0.08039289403701635,0.15615073871483404
196,0.04844557406871695,0.0032713272996825736,0.309007732014839,0.2585431935545337,0.29030260658199863,0.09042956648022911
197,0.10159441649611874,0.014419298933111856,0.391065251549876,0.11101263437677916,0.2872134476626015,0.09469495098151264
198,0.0712226019415392,0.017729231384589157,0.2957928661463352,0.378711667775686,0.08039289403701635,0.15615073871483404
199,0.1861171153418201,0.08264416042926678,0.4513999597910982,0.04366158518352548,0.18893735866776168,0.04723982058652762
200,0.10760441493628789,0.07839385926697598,0.27467349436448185,0.22578681534262876,0.1631195624855279,0.1504218536040975
201,0.0519,1.41314841174689e-21,0.2468,0.0909,0.2208,0.3896
202,0.061152857364858336,0.0,0.33864996788046664,0.2471328675701331,0.2133348122082707,0.13972949497627116
203,0.23410620961169043,0.0,0.3355579249361974,0.2309496578407396,0.11417914260290793,0.08520706500846463
204,0.021009543500147523,0.0,0.20320662739652734,0.6269558111075664,0.03969642389977622,0.10913159409598262
205,0.16931136112538203,0.0,0.20320662739652734,0.37782942503884986,0.08207174428138972,0.16758084215785107
206,0.05682828853963879,0.02749023924452078,0.4034644765219671,0.35072576981899445,0.13103785673091978,0.030453369143959175
207,0.058283917440658285,0.0,0.24783713251768305,0.421256834019876,0.14072671909929652,0.13189539692248622
208,0.11856373597718133,0.007782991728902009,0.3511781571352227,0.14951459599970698,0.20010183408699025,0.17285868507199673
209,0.06090119765768579,0.0,0.2589664328884721,0.4074984581587037,0.14704615118415562,0.1255877601109827
210,0.038565539864141615,0.025463801737149613,0.22635812442224387,0.27782794418746853,0.27718809491665636,0.1545964948723401
211,0.03851823592493614,0.02524750207149712,0.22984913631481685,0.2764014040560277,0.2760472770236878,0.1539364446090344
212,0.020913559780012202,0.0,0.326561304195394,0.44996998518607945,0.10840282065948373,0.09415233017903053
213,0.23410620961169043,0.0,0.3355579249361974,0.2309496578407396,0.11417914260290793,0.08520706500846463
214,0.04580114502862571,0.0039000975024375602,0.22475561889047221,0.40983524588114695,0.24110602765069125,0.07460186504662615
215,0.05779925501701017,0.0,0.24730631950430573,0.22998365905194126,0.24178029377156465,0.22313047265517805
216,0.060848774472525784,0.0,0.2676695827587216,0.316610456821765,0.19416981381646503,0.16070137213052252
217,2.814284989122459e-22,0.1786,2.7220075541776146e-21,0.3214,0.0357,0.4643
218,0.0712226019415392,0.017729231384589157,0.2957928661463352,0.378711667775686,0.08039289403701635,0.15615073871483404
219,0.01943670136815788,0.0,0.19842585585936703,0.5321879186965554,0.06103904651117749,0.1889104775647423
220,0.019900497512437814,0.0,0.1924798119952999,0.5246631165779145,0.03760094002350059,0.22535563389084728
221,0.019747916761244187,0.0,0.19100403410153138,0.6462717380537174,0.037312646744863384,0.10566366433864353
222,0.02626376605110353,0.0,0.3783496851167969,0.19060822134434094,0.09675637598704928,0.3080219515007092
223,0.08326768461937904,0.0716317785146877,0.2893018107213083,0.12085641307841032,0.29287287412162183,0.1420694389445928
224,0.038970584554841106,0.01562511852850625,0.4215781985532372,0.2250587419378642,0.24777474448562342,0.05099261193992779
225,0.0712226019415392,0.017729231384589157,0.2957928661463352,0.378711667775686,0.08039289403701635,0.15615073871483404
226,0.060971177295834664,0.0,0.260878058868402,0.4059740578956971,0.14705875377733613,0.12511795216273017
227,4.267389424460814e-22,0.0,0.6667,3.0889959736134327e-21,3.2438523586932867e-21,0.3333
228,0.020564603284129505,0.0,0.19890311643783049,0.6644143175737514,0.03885573283835524,0.0772622298659334
229,0.036517223523958295,0.0,0.04772055609529977,0.31386343441790165,0.39474003794931056,0.2071587480135296
230,0.07117044580367135,0.00819105982217675,0.31796635983936516,0.3188564569367887,0.18329187295216204,0.10052380464583588
231,0.09938057598836181,0.03233849058020345,0.2709961148297388,0.2826176273000975,0.1056930743895385,0.20897411691205997
232,0.021009543500147523,0.0,0.37917475115969757,0.39736010733332494,0.03969642389977622,0.1627591741070537
233,0.23154488137910959,0.0,0.34275988252711403,0.22712089030798685,0.11477987453094074,0.08379447125484871
234,0.06085026991859864,0.0,0.2760813025802208,0.33357597951448226,0.17611090461751797,0.15338154336918028
235,0.1968867034080311,0.0,0.31692516137438276,0.2342966560732245,0.19504493247021182,0.05684654667414973
236,0.06052238614137355,0.034744332784862594,0.29756839852841993,0.3073305335111165,0.1408622876101834,0.15897206142404394
237,0.236341421720645,0.0,0.32927294255454703,0.23429093501198206,0.11365489769641988,0.0864398030164061
238,0.07705192629815746,0.05237630940773519,0.1924798119952999,0.4017600440011,0.09712742818570465,0.1792044801120028
239,0.05030251512575628,0.02585129256462823,0.2532626631331566,0.2529126456322816,0.28111405570278514,0.13655682784139206
240,0.060971177295834664,0.0,0.260878058868402,0.4059740578956971,0.14705875377733613,0.12511795216273017
241,0.16559817363997334,0.0,0.195223955986662,0.4769692757108398,0.07968716090548345,0.0825214337570414
242,0.030175754393859847,0.05000125003125078,0.21303032575814396,0.27843196079902,0.22938073451836294,0.19897997449936247
243,0.11602175999508592,0.031544122840985185,0.3415476476152188,0.1466312478740807,0.21861332221570795,0.1456418994589216
244,0.1505537638440961,0.11255281382034552,0.29675741893547336,0.20418010450261256,0.14665366634165855,0.08930223255581389
245,0.030175754393859847,0.0,0.21303032575814396,0.45098627465686636,0.22938073451836294,0.07642691067276682
246,0.17416018496834737,0.0,0.2136157427873499,0.4254469551505487,0.09816661827272932,0.08861049882102467
247,0.23548174585572768,0.0,0.3316901841412805,0.23300585994881062,0.11385652540396858,0.08596568465021256
248,0.0712226019415392,0.017729231384589157,0.2957928661463352,0.378711667775686,0.08039289403701635,0.15615073871483404
249,0.019900995049752488,0.05000250012500625,0.2087104355217761,0.4514975748787439,0.037601880094004704,0.23228661433071657
250,0.18581597886958484,0.0,0.18869989584252825,0.31450799629189796,0.08438239717709463,0.2265937318188943
251,0.0767788389419471,0.0,0.34439221961098054,0.21843592179608978,0.3014150707535377,0.05897794889744488
252,0.07705192629815746,0.05237630940773519,0.1924798119952999,0.4017600440011,0.09712742818570465,0.1792044801120028
253,0.08122468953818246,0.0578301259164436,0.2639981414747083,0.4313534507747233,0.12003581810639806,0.045557774189544396
254,0.0542523369649965,0.013620258835240338,0.3045500039932005,0.4299859977066773,0.06998170304524606,0.12760969945463937
255,0.19764757578033137,0.0,0.31398588510144,0.23581670862970788,0.19533447898357453,0.057215351504946325
256,0.02634533782968398,0.0,0.07554384395217376,0.08406304243113662,0.6061961811169425,0.20785159467006312
257,0.236929943387014,0.0,0.32761813391713385,0.23517067881828238,0.11351686628333124,0.08676437759423863
258,0.0832991448322432,0.05930709075983855,0.29198498852178645,0.30005031869097915,0.15466060379062777,0.110697853404525
259,0.048196224687953385,0.0,0.24197856174719498,0.2694061974494623,0.2847357979820737,0.15568321813331554
260,0.019634964532297447,0.06118116265536029,0.19546163185166454,0.2651953563903641,0.19003913543441273,0.2684877491359009
261,0.04117602940073502,0.0,0.24600615015375382,0.3090827270681767,0.2678316957923948,0.1359033975849396
262,0.0625491699460296,0.06347505909488707,0.18922361050128583,0.3239900871488056,0.15638313591771946,0.20437893739127255
263,0.039157703358848196,0.050469128018114075,0.242199204524495,0.2610793047972511,0.3067578667266263,0.1003367925746653
264,0.1927848086190169,0.018265300064551286,0.16881698102878795,0.00914361359774056,0.23004597271326807,0.3809433239766352
265,0.17468591250696552,0.022195983316924614,0.20593750610373712,0.25966126137753176,0.08406025327385372,0.25345908342098733
266,0.07179674081987172,0.01787215007533287,0.2981773084407548,0.3759306515153752,0.08104095637607837,0.15518219277258716
267,0.07592702071309207,0.055362914388620725,0.20883044495747796,0.3389962708803341,0.08520475797850934,0.2356785910819658
268,0.031338112481405646,0.0,0.22123616939027135,0.45527048680243415,0.2382163894091937,0.05393884191669499
269,0.1716984402981111,0.014574543526659822,0.37529024894029117,0.13478380556526556,0.20475251790697574,0.09890044376269666
270,0.23548174585572768,0.0,0.3316901841412805,0.23300585994881062,0.11385652540396858,0.08596568465021256
271,0.23548174585572768,0.0,0.3316901841412805,0.23300585994881062,0.11385652540396858,0.08596568465021256
272,0.1870212359619444,0.0,0.2788718853561659,0.23629198030887033,0.21743375989171101,0.08038113848130826
273,0.11856373597718133,0.007782991728902009,0.3511781571352227,0.14951459599970698,0.20010183408699025,0.17285868507199673
274,0.07778958928071741,0.05840376567389551,0.28813735982305877,0.4296099366666954,0.06540558415718255,0.08065376439845039
275,0.236341421720645,0.0,0.32927294255454703,0.23429093501198206,0.11365489769641988,0.0864398030164061
276,0.09863575670227091,0.03641692578190308,0.09110222945765863,0.3309693470250987,0.12830249069863695,0.3145732503344316
277,0.10897499999999999,0.07144999999999999,0.37092499999999995,0.025325,0.41877499999999995,0.004549999999999999
278,0.23768395261720215,0.0,0.3254980063872454,0.23629779951418456,0.11334002154596265,0.08718021993540524
279,0.236341421720645,0.0,0.32927294255454703,0.23429093501198206,0.11365489769641988,0.0864398030164061
280,0.23548174585572768,0.0,0.3316901841412805,0.23300585994881062,0.11385652540396858,0.08596568465021256
281,0.021611750173687532,0.0,0.33183588869153513,0.44461743510190455,0.10890257069531228,0.09303235533756055
282,0.1032301615080754,0.058327916395819794,0.19248462423121157,0.32081604080204007,0.1209310465523276,0.20421021051052554
283,0.030175754393859847,0.0,0.24803120078001953,0.36843421085527134,0.22938073451836297,0.1239780994524863
284,0.030175754393859847,0.0,0.21303032575814396,0.45098627465686636,0.22938073451836294,0.07642691067276682
285,0.23046211599327382,0.05476205242336171,0.20124727523029207,0.31359434598536495,0.1443837014124253,0.05555050895528209
286,0.23154488137910959,0.0,0.34275988252711403,0.22712089030798685,0.11477987453094074,0.08379447125484871
287,0.03017575439385985,0.0,0.21303032575814398,0.4226105652641316,0.22938073451836297,0.10480262006550163
288,0.019823030454138062,0.0,0.3044724393398572,0.005478727009937655,0.5577127077674808,0.11251309542858631
289,0.019900497512437814,0.0,0.3303082577064427,0.4827620690517263,0.08887722193054826,0.07815195379884499
290,0.19063577138660007,0.0,0.31745438449071456,0.23517644292497594,0.14619189441379685,0.11054150678391261
291,0.17468591250696552,0.0,0.22432427776231165,0.3314258322999095,0.11294677501634197,0.15661720241447138
292,0.23410620961169043,0.0,0.3355579249361974,0.2309496578407396,0.11417914260290793,0.08520706500846463
293,0.1741644142902512,0.0,0.20903123691861847,0.41435945683236647,0.09365216110199771,0.10879273085676619
294,0.06085026991859865,0.0,0.25757524551292504,0.4086078417010081,0.14703697963662707,0.12592966323084118
295,0.236341421720645,0.0,0.32927294255454703,0.23429093501198206,0.11365489769641988,0.0864398030164061
296,0.24321178797700527,0.04388691297441304,0.26993457432207474,0.22894896963103445,0.11648991183610753,0.09752784325936496
297,0.18552486390730036,0.0,0.2857134602440839,0.2330002017505431,0.21650012354947729,0.07926135054859537
298,0.20821795513582114,0.06123035115690202,0.386363221650494,0.03486928482776186,0.25445965541418686,0.05485953181483404
299,0.07145831050705882,0.01778790561978288,0.29677178169097534,0.3775699416565484,0.08065895134487756,0.15575310918075702
300,0.04251941484682964,0.004543864054317709,0.3091606766227628,0.43107622333875745,0.1483078890999159,0.06439193203741667
301,0.1654455099867891,0.01800345136816842,0.35210198279239735,0.26323616434372166,0.09198315095575704,0.10922974055316652
302,0.013657435194745764,0.03828935736893674,0.13209622307078847,0.2779528268277404,0.24292361518282177,0.2950805423549669
303,0.07179674081987172,0.01787215007533287,0.2981773084407548,0.3759306515153752,0.08104095637607837,0.15518219277258716
304,0.1550019582892643,0.0,0.19341349149078532,0.47950117063148323,0.10435124612741851,0.06773213346104862
305,0.23410620961169043,0.0,0.3355579249361974,0.2309496578407396,0.11417914260290793,0.08520706500846463
306,0.21213778233368968,0.07881499102799297,0.27461308009978164,0.23139822216794967,0.17862370559681848,0.0244122187737676
307,0.07705192629815745,0.05237630940773519,0.1924798119952999,0.40176004400110005,0.09712742818570465,0.1792044801120028
308,0.10166775344664489,0.032568448441438136,0.516392809331328,0.06917309010923282,0.196219722484166,0.0839781761871902
309,0.17504292264536073,0.0,0.23595181408593252,0.3115184291589754,0.1400608834964839,0.13742595061324744
310,0.23154488137910959,0.0,0.34275988252711403,0.22712089030798685,0.11477987453094074,0.08379447125484871
311,0.14507862696567414,0.08732718317957949,0.3077826945673642,0.20418010450261256,0.16632915822895572,0.08930223255581389
